300.1
3 0.0 3104999.9999999995 
4 0.0 6.372E7 
5 0.0 0.0 
6 0.0 6.75E7 
7 0.0 0.0 
600.1
3 3104999.9999999995 3037500.000000001 
4 6.372E7 6.44625E7 
5 0.0 0.0 
6 6.75E7 6.75E7 
7 0.0 0.0 
900.1
3 2844540.1014547464 2969999.9999999995 
4 6.44625E7 6.51375E7 
5 0.0 0.0 
6 6.75E7 6.75E7 
7 0.0 0.0 
1200.1
3 2561435.8109032656 2902500.000000001 
4 6.51375E7 6.588E7 
5 0.0 0.0 
6 6.75E7 6.75E7 
7 0.0 0.0 
1500.1
3 2493506.2342858166 2834999.9999999995 
4 6.588E7 6.6555E7 
5 0.0 0.0 
6 6.75E7 6.75E7 
7 0.0 0.0 
1800.1
3 2482302.614891563 2767500.000000001 
4 6.6555E7 6.72975E7 
5 0.0 0.0 
6 6.75E7 6.75E7 
7 0.0 0.0 
2100.1
3 2439360.9557881607 2699999.9999999995 
4 6.72975E7 6.75E7 
5 0.0 0.0 
6 6.75E7 6.75E7 
7 0.0 0.0 
2400.1
3 2399692.5338300383 2632500.000000001 
4 6.75E7 6.75E7 
5 0.0 0.0 
6 6.75E7 6.75E7 
7 0.0 0.0 
2700.1
3 2303822.709466712 2564999.999999999 
4 6.75E7 6.75E7 
5 0.0 0.0 
6 6.75E7 6.75E7 
7 0.0 0.0 
3000.1
3 2264344.3476064145 2497500.000000001 
4 6.75E7 6.75E7 
5 0.0 0.0 
6 6.75E7 6.75E7 
7 0.0 0.0 
3300.1
3 2253221.5523435613 2429999.999999999 
4 6.75E7 6.75E7 
5 0.0 0.0 
6 6.75E7 6.75E7 
7 0.0 0.0 
3600.1
3 2157497.372816112 2362500.0000000005 
4 6.75E7 6.75E7 
5 0.0 0.0 
6 6.75E7 6.75E7 
7 0.0 0.0 
3900.1
3 2036476.4372165296 2092500.0000000005 
4 6.75E7 6.75E7 
5 0.0 0.0 
6 6.75E7 6.75E7 
7 0.0 0.0 
4200.1
3 1712607.3039428212 1889999.9999999986 
4 6.75E7 6.75E7 
5 0.0 0.0 
6 6.75E7 6.75E7 
7 0.0 0.0 
4500.1
3 1589589.3230702747 1620000.0000000016 
4 6.75E7 6.75E7 
5 0.0 0.0 
6 6.75E7 6.75E7 
7 0.0 0.0 
4800.1
3 1291389.9072464444 1417499.9999999998 
4 6.75E7 6.75E7 
5 0.0 0.0 
6 6.75E7 6.75E7 
7 0.0 0.0 
5100.1
3 1117188.4794683277 1147499.9999999995 
4 6.75E7 6.75E7 
5 0.0 0.0 
6 6.75E7 6.75E7 
7 0.0 0.0 
5400.1
3 849683.9922992962 945000.0000000008 
4 6.75E7 6.75E7 
5 0.0 0.0 
6 6.75E7 6.75E7 
7 0.0 0.0 
5700.1
3 616579.4432538006 675000.0000000006 
4 6.75E7 6.75E7 
5 0.0 0.0 
6 6.75E7 6.75E7 
7 0.0 0.0 
6000.1
3 320865.06397849525 472499.9999999989 
4 6.75E7 6.75E7 
5 0.0 0.0 
6 6.75E7 6.75E7 
7 0.0 0.0 
6300.1
3 172192.8468696933 202499.9999999987 
4 6.75E7 6.75E7 
5 0.0 0.0 
6 6.75E7 6.75E7 
7 0.0 0.0 
6600.1
3 202499.9999999987 0.0 
4 6.75E7 6.75E7 
5 0.0 0.0 
6 6.75E7 6.75E7 
7 0.0 0.0 
6900.1
3 0.0 6480000.0 
4 6.75E7 6.75E7 
5 0.0 0.0 
6 6.75E7 6.75E7 
7 0.0 0.0 
7200.1
3 6290159.153181341 6277500.000000001 
4 6.75E7 6.75E7 
5 0.0 0.0 
6 6.75E7 6.75E7 
7 0.0 0.0 
7500.1
3 6088050.552397123 6345000.0 
4 6.733725738688101E7 6.75E7 
5 0.0 0.0 
6 6.75E7 6.75E7 
7 0.0 0.0 
7800.1
3 6129520.485089741 6412500.000000001 
4 6.733722719584799E7 6.75E7 
5 0.0 0.0 
6 6.735919418021616E7 6.75E7 
7 0.0 0.0 
8100.1
3 6168895.725817064 6547500.000000002 
4 6.733711514138724E7 6.75E7 
5 0.0 0.0 
6 6.733857906362732E7 6.723E7 
7 0.0 0.0 
8400.1
3 6277466.971656967 6615000.0 
4 6.736305356027216E7 6.75E7 
5 0.0 0.0 
6 6.723E7 6.6825E7 
7 0.0 0.0 
8700.1
3 6319010.351075774 0.0 
4 6.741942972312535E7 6.75E7 
5 0.0 0.0 
6 6.655931898728677E7 6.64875E7 
7 0.0 0.0 
9000.1
3 0.0 135000.00000000012 
4 6.75E7 6.75E7 
5 0.0 0.0 
6 6.64875E7 6.60825E7 
7 0.0 0.0 
9300.1
3 135000.00000000012 202499.9999999987 
4 6.75E7 6.75E7 
5 0.0 0.0 
6 6.586886405535209E7 6.56775E7 
7 0.0 0.0 
9600.1
3 202499.9999999987 405000.0000000004 
4 6.725910457556543E7 6.75E7 
5 0.0 0.0 
6 6.554701940053763E7 6.52725E7 
7 0.0 0.0 
9900.1
3 132650.26421194157 540000.0000000005 
4 6.739412841794708E7 6.75E7 
5 0.0 0.0 
6 6.519420884354839E7 6.48675E7 
7 0.0 0.0 
10200.1
3 347049.4061322666 675000.0000000006 
4 6.741763772963507E7 6.75E7 
5 0.0 0.0 
6 6.478931171639785E7 6.44625E7 
7 0.0 0.0 
10500.1
3 481581.51578846364 810000.0000000008 
4 6.75E7 6.75E7 
5 0.0 67499.99999999857 
6 6.44625E7 6.4125E7 
7 0.0 0.0 
10800.1
3 616314.5003779619 1012499.9999999993 
4 6.75E7 6.75E7 
5 67499.99999999857 3037500.000000001 
6 6.4125E7 6.372E7 
7 0.0 0.0 
11100.1
3 819372.1844894488 540000.0000000005 
4 6.75E7 6.75E7 
5 2929180.513628831 1147499.9999999995 
6 6.355691270616359E7 6.3585E7 
7 0.0 0.0 
11400.1
3 320808.60834192386 67499.99999999857 
4 6.717075665804835E7 6.75E7 
5 1039254.6813308469 0.0 
6 6.3530896072622076E7 6.345E7 
7 0.0 0.0 
11700.1
3 67499.99999999857 6412500.000000001 
4 6.75E7 6.75E7 
5 0.0 0.0 
6 6.345E7 6.3315E7 
7 0.0 0.0 
12000.1
3 6221576.681233326 5939999.999999999 
4 6.75E7 6.75E7 
5 0.0 0.0 
6 6.3315E7 6.318E7 
7 0.0 0.0 
12300.1
3 5696509.289996158 5534999.999999999 
4 6.75E7 6.75E7 
5 0.0 0.0 
6 6.318E7 6.3045E7 
7 0.0 0.0 
12600.1
3 5291683.401423922 5062500.0 
4 6.75E7 6.75E7 
5 0.0 0.0 
6 6.3045E7 6.291E7 
7 0.0 0.0 
12900.1
3 4871331.134706726 4590000.000000001 
4 6.75E7 6.75E7 
5 0.0 0.0 
6 6.2769054597039476E7 6.277500000000001E7 
7 0.0 0.0 
13200.1
3 4400176.587681907 4185000.000000001 
4 6.75E7 6.75E7 
5 0.0 0.0 
6 6.27462061106673E7 6.263999999999999E7 
7 0.0 0.0 
13500.1
3 3940431.743163858 3712499.999999999 
4 6.731853632231183E7 6.75E7 
5 0.0 0.0 
6 6.263999999999999E7 6.2505E7 
7 0.0 0.0 
13800.1
3 3442284.0298568993 3307500.000000001 
4 6.747389839852151E7 6.75E7 
5 0.0 0.0 
6 6.2505E7 6.237E7 
7 0.0 0.0 
14100.1
3 3039021.119401832 2834999.9999999995 
4 6.75E7 6.75E7 
5 0.0 0.0 
6 6.237E7 6.223500000000001E7 
7 0.0 0.0 
14400.1
3 2538264.1170087513 2429999.999999999 
4 6.75E7 6.75E7 
5 0.0 0.0 
6 6.223500000000001E7 6.209999999999999E7 
7 0.0 0.0 
14700.1
3 2159225.449758973 2429999.999999999 
4 6.75E7 6.75E7 
5 0.0 0.0 
6 6.202144851048386E7 6.216750000000001E7 
7 0.0 0.0 
15000.1
3 2159550.4276684644 2362500.0000000005 
4 6.75E7 6.75E7 
5 0.0 0.0 
6 6.2113139067094155E7 6.223500000000001E7 
7 0.0 0.0 
15300.1
3 2117365.3347420976 2362500.0000000005 
4 6.75E7 6.75E7 
5 0.0 0.0 
6 6.223500000000001E7 6.23025E7 
7 0.0 0.0 
15600.1
3 2143622.406184817 2362500.0000000005 
4 6.75E7 6.75E7 
5 0.0 0.0 
6 6.219441314942497E7 6.237E7 
7 0.0 0.0 
15900.1
3 2144658.0026391586 2362500.0000000005 
4 6.75E7 6.75E7 
5 0.0 0.0 
6 6.231594726571368E7 6.24375E7 
7 0.0 0.0 
16200.1
3 2088626.7801883747 2362500.0000000005 
4 6.75E7 6.75E7 
5 0.0 0.0 
6 6.24375E7 6.25725E7 
7 0.0 0.0 
16500.1
3 2061306.2296669097 2429999.999999999 
4 6.75E7 6.75E7 
5 0.0 0.0 
6 6.25725E7 6.263999999999999E7 
7 0.0 0.0 
16800.1
3 2208436.507935666 2429999.999999999 
4 6.75E7 6.75E7 
5 0.0 0.0 
6 6.263999999999999E7 6.270749999999999E7 
7 0.0 0.0 
17100.1
3 2182839.827836728 2497500.000000001 
4 6.721589828655913E7 6.75E7 
5 0.0 0.0 
6 6.2594799492293224E7 6.277500000000001E7 
7 0.0 0.0 
17400.1
3 2250851.753050975 2497500.000000001 
4 6.75E7 6.75E7 
5 0.0 0.0 
6 6.277500000000001E7 6.28425E7 
7 0.0 0.0 
17700.1
3 2226380.5669541806 2564999.999999999 
4 6.75E7 6.75E7 
5 0.0 0.0 
6 6.28425E7 6.291E7 
7 0.0 0.0 
18000.1
3 2294730.855801802 2632500.000000001 
4 6.75E7 6.75E7 
5 0.0 0.0 
6 6.291E7 6.29775E7 
7 0.0 0.0 
18300.1
3 2360916.5799756455 2699999.9999999995 
4 6.75E7 6.75E7 
5 0.0 0.0 
6 6.29775E7 6.3315E7 
7 0.0 0.0 
18600.1
3 2456764.9054602226 2834999.9999999995 
4 6.75E7 6.75E7 
5 0.0 0.0 
6 6.3315E7 6.372E7 
7 0.0 0.0 
18900.1
3 2589663.9968858636 2902500.000000001 
4 6.75E7 6.75E7 
5 0.0 0.0 
6 6.372E7 6.40575E7 
7 0.0 607499.9999999991 
19200.1
3 2601204.8184725936 3037500.000000001 
4 6.73007550868421E7 6.75E7 
5 0.0 0.0 
6 6.40575E7 6.4395E7 
7 607499.9999999991 1215000.0000000012 
19500.1
3 2736611.575383015 3172500.000000001 
4 6.75E7 6.75E7 
5 0.0 0.0 
6 6.4395E7 6.47325E7 
7 368595.7935483883 1822500.0000000002 
19800.1
3 2872285.8934352016 3240000.0 
4 6.75E7 6.75E7 
5 0.0 0.0 
6 6.467616833966166E7 6.507E7 
7 1715145.3696135501 2497500.000000001 
20100.1
3 2994006.543524133 3375000.0 
4 6.75E7 6.75E7 
5 0.0 0.0 
6 6.507E7 6.5475E7 
7 2364469.8108335366 3104999.9999999995 
20400.1
3 3131227.668001152 3442499.999999999 
4 6.75E7 6.75E7 
5 0.0 0.0 
6 6.5475E7 6.58125E7 
7 2919939.444740884 3712499.999999999 
20700.1
3 3255451.0133812344 3577499.999999999 
4 6.75E7 6.75E7 
5 0.0 0.0 
6 6.58125E7 6.615E7 
7 3553519.094476109 4320000.000000001 
21000.1
3 3389044.1304167667 3712499.999999999 
4 6.75E7 6.75E7 
5 0.0 0.0 
6 6.615E7 6.64875E7 
7 4187559.3954285923 4995000.000000002 
21300.1
3 3469805.994831837 3780000.0000000005 
4 6.75E7 6.75E7 
5 0.0 0.0 
6 6.64875E7 6.68925E7 
7 4832246.062398437 5602500.000000001 
21600.1
3 3565596.2500414345 3915000.0000000005 
4 6.75E7 6.75E7 
5 0.0 0.0 
6 6.68925E7 6.723E7 
7 5439691.003531511 6209999.999999999 
21900.1
3 3645498.984869432 4117499.999999999 
4 6.75E7 6.75E7 
5 0.0 0.0 
6 6.723E7 6.75E7 
7 6075573.950548245 6480000.0 
22200.1
3 3848901.6901411787 4320000.000000001 
4 6.75E7 6.75E7 
5 0.0 0.0 
6 6.727497107819548E7 6.75E7 
7 6317125.657263118 6817499.999999998 
22500.1
3 4075084.8505320773 4522499.999999999 
4 6.75E7 6.75E7 
5 0.0 0.0 
6 6.75E7 6.75E7 
7 6817499.999999998 7087499.999999999 
22800.1
3 4302537.700607364 4725000.000000001 
4 6.75E7 6.75E7 
5 0.0 0.0 
6 6.75E7 6.75E7 
7 6762008.079030236 7357499.999999999 
23100.1
3 4505358.8615687415 4995000.000000002 
4 6.75E7 6.75E7 
5 0.0 0.0 
6 6.75E7 6.75E7 
7 7357499.999999999 7694999.999999998 
23400.1
3 4747116.5523198135 5197500.0 
4 6.75E7 6.75E7 
5 0.0 0.0 
6 6.75E7 6.75E7 
7 7422112.672105665 7964999.999999998 
23700.1
3 4950373.713242784 5399999.999999999 
4 6.75E7 6.75E7 
5 0.0 0.0 
6 6.75E7 6.75E7 
7 7800269.523571023 8234999.999999998 
24000.1
3 5150641.069302793 5602500.000000001 
4 6.75E7 6.75E7 
5 0.0 0.0 
6 6.75E7 6.75E7 
7 8070281.764831937 8504999.999999998 
24300.1
3 5354985.9075440625 5804999.999999999 
4 6.75E7 6.75E7 
5 0.0 0.0 
6 6.75E7 6.75E7 
7 8370175.942583776 8842499.999999996 
24600.1
3 5503583.446844429 6074999.999999999 
4 6.75E7 6.75E7 
5 0.0 0.0 
6 6.75E7 6.75E7 
7 8733178.841341758 9112499.999999998 
24900.1
3 5774288.755457696 6277500.000000001 
4 6.75E7 6.75E7 
5 0.0 0.0 
6 6.75E7 6.75E7 
7 8975516.625268815 9382499.999999998 
25200.1
3 5924805.473028843 6480000.0 
4 6.75E7 6.75E7 
5 0.0 0.0 
6 6.75E7 6.75E7 
7 9274158.013209432 9720000.000000004 
25500.1
3 6155031.333776478 6682500.000000002 
4 6.75E7 6.75E7 
5 0.0 0.0 
6 6.75E7 6.75E7 
7 9639408.3908966 9855000.0 
25800.1
3 6411217.232808333 135000.00000000012 
4 6.75E7 6.75E7 
5 0.0 0.0 
6 6.75E7 6.75E7 
7 9855000.0 9990000.000000004 
26100.1
3 135000.00000000012 337499.9999999988 
4 6.75E7 6.75E7 
5 0.0 0.0 
6 6.75E7 6.75E7 
7 9990000.000000004 1.0125E7 
26400.1
3 92142.97597825088 540000.0000000005 
4 6.75E7 6.75E7 
5 0.0 0.0 
6 6.75E7 6.75E7 
7 9891422.033467742 1.0327500000000002E7 
26700.1
3 295103.42546942 810000.0000000008 
4 6.75E7 6.75E7 
5 0.0 0.0 
6 6.75E7 6.75E7 
7 1.0327500000000002E7 1.0462499999999998E7 
27000.1
3 594425.825945914 1012499.9999999993 
4 6.75E7 6.75E7 
5 0.0 0.0 
6 6.75E7 6.75E7 
7 1.0462499999999998E7 1.0597500000000002E7 
27300.1
3 768351.2966023923 1215000.0000000012 
4 6.75E7 6.75E7 
5 0.0 0.0 
6 6.75E7 6.75E7 
7 1.0597500000000002E7 1.0799999999999998E7 
27600.1
3 945070.3330352101 1485000.0000000014 
4 6.75E7 6.75E7 
5 0.0 0.0 
6 6.75E7 6.75E7 
7 1.05918452344086E7 1.0935E7 
27900.1
3 1216027.330715904 1687500.0 
4 6.75E7 6.75E7 
5 0.0 0.0 
6 6.75E7 6.75E7 
7 1.0935E7 1.1069999999999998E7 
28200.1
3 1439387.4945165333 1957500.0000000002 
4 6.75E7 6.75E7 
5 0.0 0.0 
6 6.75E7 6.75E7 
7 1.0965785433602149E7 1.12725E7 
28500.1
3 1710236.9771348736 2159999.999999999 
4 6.75E7 6.75E7 
5 0.0 0.0 
6 6.75E7 6.75E7 
7 1.12725E7 1.1407500000000004E7 
28800.1
3 1937628.4324859518 2429999.999999999 
4 6.75E7 6.75E7 
5 0.0 0.0 
6 6.75E7 6.75E7 
7 1.124745697410462E7 1.15425E7 
29100.1
3 2208880.6160790073 2699999.9999999995 
4 6.75E7 6.75E7 
5 0.0 0.0 
6 6.75E7 6.75E7 
7 1.15425E7 1.1745000000000002E7 
29400.1
3 2396092.0406560753 2969999.9999999995 
4 6.75E7 6.75E7 
5 0.0 0.0 
6 6.75E7 6.75E7 
7 1.1641512124193551E7 1.2015000000000002E7 
29700.1
3 2666239.2856117105 3240000.0 
4 6.75E7 6.75E7 
5 0.0 0.0 
6 6.75E7 6.75E7 
7 1.1908728350412322E7 1.2217499999999996E7 
30000.1
3 2831937.432464225 3577499.999999999 
4 6.75E7 6.75E7 
5 0.0 0.0 
6 6.75E7 6.75E7 
7 1.2217499999999996E7 1.2419999999999998E7 
30300.1
3 3221042.7356203 3847499.999999999 
4 6.75E7 6.75E7 
5 0.0 0.0 
6 6.75E7 6.75E7 
7 1.225976175203735E7 1.26225E7 
30600.1
3 3492189.3538604565 4185000.000000001 
4 6.75E7 6.75E7 
5 0.0 0.0 
6 6.75E7 6.75E7 
7 1.26225E7 1.2825000000000002E7 
30900.1
3 3940919.673274417 4522499.999999999 
4 6.75E7 6.75E7 
5 0.0 0.0 
6 6.75E7 6.75E7 
7 1.2825000000000002E7 1.3027499999999998E7 
31200.1
3 4306204.998618521 4792500.0 
4 6.75E7 6.75E7 
5 0.0 0.0 
6 6.75E7 6.75E7 
7 1.3027499999999998E7 1.323E7 
31500.1
3 4604214.766933463 5129999.999999998 
4 6.75E7 6.75E7 
5 0.0 0.0 
6 6.75E7 6.75E7 
7 1.2919522608064516E7 1.3432500000000002E7 
31800.1
3 4942810.701697285 5467500.0 
4 6.75E7 6.75E7 
5 0.0 0.0 
6 6.75E7 6.75E7 
7 1.3326446983731508E7 1.3634999999999996E7 
32100.1
3 5279562.547698379 5804999.999999999 
4 6.75E7 6.75E7 
5 0.0 0.0 
6 6.75E7 6.75E7 
7 1.3554943302347599E7 1.3837499999999998E7 
32400.1
3 5563303.860070033 6142500.000000001 
4 6.75E7 6.75E7 
5 0.0 0.0 
6 6.75E7 6.75E7 
7 1.3702920589659126E7 1.4107499999999998E7 
32700.1
3 5871246.0832742145 6547500.000000002 
4 6.75E7 6.75E7 
5 0.0 0.0 
6 6.75E7 6.75E7 
7 1.3972996202434007E7 1.4512500000000002E7 
33000.1
3 6302432.99071065 202499.9999999987 
4 6.75E7 6.75E7 
5 0.0 0.0 
6 6.75E7 6.75E7 
7 1.4512500000000002E7 1.49175E7 
33300.1
3 202499.9999999987 675000.0000000006 
4 6.75E7 6.75E7 
5 0.0 0.0 
6 6.75E7 6.75E7 
7 1.4705202985585941E7 1.5322499999999996E7 
33600.1
3 401973.8427621479 1080000.000000001 
4 6.75E7 6.75E7 
5 0.0 0.0 
6 6.75E7 6.75E7 
7 1.521846368225806E7 1.5795E7 
33900.1
3 753432.748392656 1552499.9999999998 
4 6.75E7 6.75E7 
5 0.0 0.0 
6 6.75E7 6.75E7 
7 1.5716674615053764E7 1.6200000000000004E7 
34200.1
3 1359668.6402831674 1957500.0000000002 
4 6.75E7 6.75E7 
5 0.0 0.0 
6 6.75E7 6.75E7 
7 1.6147721414381724E7 1.66725E7 
34500.1
3 1739193.9173705436 2429999.999999999 
4 6.75E7 6.75E7 
5 0.0 0.0 
6 6.75E7 6.75E7 
7 1.6564131568990014E7 1.70775E7 
34800.1
3 2184017.3772930303 2902500.000000001 
4 6.75E7 6.75E7 
5 0.0 0.0 
6 6.75E7 6.75E7 
7 1.7025769755779568E7 1.7549999999999996E7 
35100.1
3 2684943.7890057815 3375000.0 
4 6.75E7 6.75E7 
5 0.0 0.0 
6 6.75E7 6.75E7 
7 1.7495900746176425E7 1.7955E7 
35400.1
3 3073973.7029064596 3847499.999999999 
4 6.75E7 6.75E7 
5 0.0 0.0 
6 6.75E7 6.75E7 
7 1.7872664860353503E7 1.836E7 
35700.1
3 3577370.1074687717 4387499.999999999 
4 6.59475508456297E7 6.75E7 
5 0.0 0.0 
6 6.75E7 6.75E7 
7 1.8279905847991955E7 1.88325E7 
36000.1
3 4143448.8040721756 4860000.000000002 
4 6.75E7 6.75E7 
5 0.0 0.0 
6 6.75E7 6.75E7 
7 1.88325E7 1.9237499999999996E7 
36300.1
3 4534526.381286383 5264999.999999998 
4 6.75E7 6.75E7 
5 0.0 0.0 
6 6.75E7 6.75E7 
7 1.9075103102223296E7 1.99125E7 
36600.1
3 5019107.142240175 5602500.000000001 
4 6.75E7 6.75E7 
5 0.0 0.0 
6 6.75E7 6.75E7 
7 1.99125E7 2.052E7 
36900.1
3 5329573.995855062 6074999.999999999 
4 6.75E7 6.75E7 
5 0.0 0.0 
6 6.75E7 6.75E7 
7 2.030227844955635E7 2.11275E7 
37200.1
3 5802192.689970894 6547500.000000002 
4 6.75E7 6.75E7 
5 0.0 0.0 
6 6.75E7 6.75E7 
7 2.11275E7 2.1802500000000004E7 
37500.1
3 6275167.101945895 7020000.0 
4 6.75E7 6.75E7 
5 0.0 0.0 
6 6.75E7 6.75E7 
7 2.1802500000000004E7 2.2410000000000004E7 
37800.1
3 6747697.1120134005 7492500.000000002 
4 6.75E7 6.75E7 
5 0.0 0.0 
6 6.6037312088909775E7 6.75E7 
7 2.2083998490451436E7 2.3085E7 
38100.1
3 7220815.340160888 8032500.000000004 
4 6.75E7 6.75E7 
5 0.0 0.0 
6 6.75E7 6.75E7 
7 2.294557952072722E7 2.36925E7 
38400.1
3 7736154.4524441175 8640000.000000002 
4 6.75E7 6.75E7 
5 0.0 0.0 
6 6.75E7 6.75E7 
7 2.355311703695428E7 2.4367500000000004E7 
38700.1
3 8289591.648445712 9180000.000000002 
4 6.75E7 6.75E7 
5 0.0 0.0 
6 6.75E7 6.75E7 
7 2.4367500000000004E7 2.4975E7 
39000.1
3 8855425.48771071 9787500.000000002 
4 6.75E7 6.75E7 
5 0.0 0.0 
6 6.75E7 6.75E7 
7 2.4643524157977607E7 2.565E7 
39300.1
3 9463256.448815083 1.0395E7 
4 6.75E7 6.75E7 
5 0.0 0.0 
6 6.75E7 6.75E7 
7 2.545830861609467E7 2.6325000000000004E7 
39600.1
3 1.0124577343336668E7 1.1069999999999998E7 
4 6.75E7 6.75E7 
5 0.0 0.0 
6 6.75E7 6.75E7 
7 2.619254165465731E7 2.69325E7 
39900.1
3 1.080120522474078E7 1.10025E7 
4 6.75E7 6.75E7 
5 0.0 0.0 
6 6.75E7 6.75E7 
7 2.682646608481183E7 2.7674999999999996E7 
40200.1
3 1.0736236737498485E7 1.1069999999999998E7 
4 6.75E7 6.75E7 
5 0.0 0.0 
6 6.75E7 6.75E7 
7 2.7569060061639983E7 2.835E7 
40500.1
3 1.074505243496392E7 1.12725E7 
4 6.75E7 6.75E7 
5 0.0 0.0 
6 6.75E7 6.75E7 
7 2.835E7 2.9092499999999996E7 
40800.1
3 1.0967990828723522E7 1.15425E7 
4 6.75E7 6.75E7 
5 0.0 0.0 
6 6.75E7 6.75E7 
7 2.898873789408602E7 2.9835E7 
41100.1
3 1.123887817702674E7 1.1879999999999998E7 
4 6.75E7 6.75E7 
5 0.0 0.0 
6 6.75E7 6.75E7 
7 2.9835E7 3.0509999999999996E7 
41400.1
3 1.163149536601079E7 1.2285000000000002E7 
4 6.642996342589286E7 6.75E7 
5 0.0 0.0 
6 6.75E7 6.75E7 
7 3.034474406152579E7 3.12525E7 
41700.1
3 1.2037312014076523E7 1.2825000000000002E7 
4 6.75E7 6.75E7 
5 0.0 0.0 
6 6.75E7 6.75E7 
7 3.116969528389977E7 3.1995E7 
42000.1
3 1.2548912131635036E7 1.3432500000000002E7 
4 6.75E7 6.75E7 
5 0.0 0.0 
6 6.75E7 6.75E7 
7 3.194044018992643E7 3.267E7 
42300.1
3 1.3184488600863552E7 1.4174999999999998E7 
4 6.75E7 6.75E7 
5 0.0 0.0 
6 6.75E7 6.75E7 
7 3.267E7 3.34125E7 
42600.1
3 1.3877436147938898E7 1.49175E7 
4 6.75E7 6.75E7 
5 0.0 0.0 
6 6.75E7 6.75E7 
7 3.34125E7 3.4155E7 
42900.1
3 1.4622157158897243E7 1.57275E7 
4 6.75E7 6.75E7 
5 0.0 0.0 
6 6.75E7 6.75E7 
7 3.3992589857082225E7 3.483E7 
43200.1
3 1.5433576523155166E7 1.66725E7 
4 6.75E7 6.75E7 
5 0.0 0.0 
6 6.75E7 6.75E7 
7 3.466920205597664E7 3.55725E7 
43500.1
3 1.6401988112498485E7 1.7009999999999996E7 
4 6.730316485756579E7 6.75E7 
5 0.0 0.0 
6 6.75E7 6.75E7 
7 3.54373395314693E7 3.59775E7 
43800.1
3 1.6685660658534437E7 1.7279999999999996E7 
4 6.75E7 6.75E7 
5 0.0 0.0 
6 6.75E7 6.75E7 
7 3.59775E7 3.638250000000001E7 
44100.1
3 1.703279633039756E7 1.7617500000000004E7 
4 6.75E7 6.75E7 
5 0.0 0.0 
6 6.75E7 6.75E7 
7 3.62204005913069E7 3.685500000000001E7 
44400.1
3 1.737056334100625E7 1.7955E7 
4 6.75E7 6.75E7 
5 0.0 0.0 
6 6.75E7 6.75E7 
7 3.685500000000001E7 3.726E7 
44700.1
3 1.763043103823369E7 1.82925E7 
4 6.75E7 6.75E7 
5 0.0 0.0 
6 6.75E7 6.75E7 
7 3.704697831477787E7 3.7665E7 
45000.1
3 1.7968400150434554E7 1.863E7 
4 6.75E7 6.75E7 
5 0.0 0.0 
6 6.75E7 6.75E7 
7 3.758683909233871E7 3.807000000000001E7 
45300.1
3 1.827999415920699E7 1.8967499999999996E7 
4 6.75E7 6.75E7 
5 0.0 0.0 
6 6.75E7 6.75E7 
7 3.807000000000001E7 3.847499999999999E7 
45600.1
3 1.867060024862509E7 1.9305000000000004E7 
4 6.75E7 6.75E7 
5 0.0 0.0 
6 6.75E7 6.75E7 
7 3.837119675591397E7 3.89475E7 
45900.1
3 1.9008577004505217E7 1.96425E7 
4 6.75E7 6.75E7 
5 0.0 0.0 
6 6.75E7 6.75E7 
7 3.886924316115592E7 3.93525E7 
46200.1
3 1.934380323751061E7 1.998E7 
4 6.75E7 6.75E7 
5 0.0 0.0 
6 6.75E7 6.75E7 
7 3.927440768413979E7 3.975750000000001E7 
46500.1
3 1.9733319164780397E7 2.03175E7 
4 6.75E7 6.75E7 
5 0.0 0.0 
6 6.75E7 6.75E7 
7 3.96788520967742E7 4.016249999999999E7 
46800.1
3 2.0043263313009337E7 2.0654999999999996E7 
4 6.75E7 6.75E7 
5 0.0 0.0 
6 6.75E7 6.75E7 
7 4.00565331315658E7 4.0635E7 
47100.1
3 2.0407443535621814E7 2.0992500000000004E7 
4 6.75E7 6.75E7 
5 0.0 0.0 
6 6.75E7 6.75E7 
7 4.055488355433644E7 4.0905E7 
47400.1
3 2.06647858757251E7 2.1262500000000004E7 
4 6.75E7 6.75E7 
5 0.0 0.0 
6 6.75E7 6.75E7 
7 4.0905E7 4.124249999999999E7 
47700.1
3 2.0962341707738098E7 2.16E7 
4 6.75E7 6.75E7 
5 0.0 0.0 
6 6.75E7 6.75E7 
7 4.124249999999999E7 4.158E7 
48000.1
3 2.1351207091992583E7 2.19375E7 
4 6.75E7 6.75E7 
5 0.0 0.0 
6 6.75E7 6.75E7 
7 4.158E7 4.191750000000001E7 
48300.1
3 2.16912350502577E7 2.2275E7 
4 6.75E7 6.75E7 
5 0.0 0.0 
6 6.75E7 6.75E7 
7 4.191750000000001E7 4.2255E7 
48600.1
3 2.197708911758782E7 2.2612499999999996E7 
4 6.75E7 6.75E7 
5 0.0 0.0 
6 6.75E7 6.75E7 
7 4.2255E7 4.25925E7 
48900.1
3 2.231410077272061E7 2.2950000000000004E7 
4 6.75E7 6.75E7 
5 0.0 0.0 
6 6.75E7 6.75E7 
7 4.211176024791414E7 4.292999999999999E7 
49200.1
3 2.265300813313425E7 2.32875E7 
4 6.75E7 6.75E7 
5 0.0 0.0 
6 6.75E7 6.75E7 
7 4.284971710793061E7 4.32675E7 
49500.1
3 2.2990461350813527E7 2.35575E7 
4 6.75E7 6.75E7 
5 0.0 0.0 
6 6.75E7 6.75E7 
7 4.318744109127658E7 4.360500000000001E7 
49800.1
3 2.328424807661442E7 2.3895E7 
4 6.75E7 6.75E7 
5 0.0 0.0 
6 6.646032239784946E7 6.75E7 
7 4.3525080906199984E7 4.39425E7 
50100.1
3 2.3595678867805604E7 2.42325E7 
4 6.75E7 6.75E7 
5 0.0 0.0 
6 6.75E7 6.75E7 
7 4.39425E7 4.43475E7 
50400.1
3 2.3904573944644373E7 2.4569999999999996E7 
4 6.75E7 6.75E7 
5 0.0 0.0 
6 6.75E7 6.75E7 
7 4.43475E7 4.468499999999999E7 
50700.1
3 2.42937532535502E7 2.4839999999999996E7 
4 6.75E7 6.75E7 
5 0.0 0.0 
6 6.75E7 6.75E7 
7 4.452284178343135E7 4.4955E7 
51000.1
3 2.4564657922561947E7 2.50425E7 
4 6.75E7 6.75E7 
5 0.0 0.0 
6 6.75E7 6.75E7 
7 4.487265559297791E7 4.522499999999999E7 
51300.1
3 2.4715032790223036E7 2.5245E7 
4 6.75E7 6.75E7 
5 0.0 0.0 
6 6.75E7 6.75E7 
7 4.522499999999999E7 4.55625E7 
51600.1
3 2.49195322284163E7 2.5515E7 
4 6.75E7 6.75E7 
5 0.0 0.0 
6 6.75E7 6.75E7 
7 4.539772785856476E7 4.583249999999999E7 
51900.1
3 2.5190195628885217E7 2.5717499999999996E7 
4 6.75E7 6.75E7 
5 0.0 0.0 
6 6.75E7 6.75E7 
7 4.583249999999999E7 4.617E7 
52200.1
3 2.5389291567279585E7 2.592E7 
4 6.75E7 6.75E7 
5 0.0 0.0 
6 6.75E7 6.75E7 
7 4.617E7 4.644000000000001E7 
52500.1
3 2.5648841578046933E7 2.619E7 
4 6.75E7 6.75E7 
5 0.0 0.0 
6 6.75E7 6.75E7 
7 4.6362312137903236E7 4.67775E7 
52800.1
3 2.5919434846439183E7 2.63925E7 
4 6.75E7 6.75E7 
5 0.0 0.0 
6 6.75E7 6.75E7 
7 4.67775E7 4.704750000000001E7 
53100.1
3 2.615007964776811E7 2.6595000000000004E7 
4 6.75E7 6.75E7 
5 0.0 0.0 
6 6.721574758064516E7 6.75E7 
7 4.688509347131034E7 4.7385E7 
53400.1
3 2.635305088920083E7 2.6865000000000004E7 
4 6.75E7 6.75E7 
5 0.0 0.0 
6 6.75E7 6.75E7 
7 4.7385E7 4.7655E7 
53700.1
3 2.6620516184725933E7 2.70675E7 
4 6.75E7 6.75E7 
5 0.0 0.0 
6 6.75E7 6.75E7 
7 4.744064841925479E7 4.799249999999999E7 
54000.1
3 2.6822843702115674E7 2.727E7 
4 6.75E7 6.75E7 
5 0.0 0.0 
6 6.741529313472745E7 6.75E7 
7 4.791224159445387E7 4.833E7 
54300.1
3 2.7027329843592852E7 2.72025E7 
4 6.75E7 6.75E7 
5 0.0 0.0 
6 6.75E7 6.75E7 
7 4.833E7 4.8465E7 
54600.1
3 2.695925563185888E7 2.72025E7 
4 6.75E7 6.75E7 
5 0.0 0.0 
6 6.75E7 6.75E7 
7 4.836103236317204E7 4.866750000000001E7 
54900.1
3 2.6959706596938416E7 2.7134999999999996E7 
4 6.75E7 6.75E7 
5 0.0 0.0 
6 6.75E7 6.75E7 
7 4.866750000000001E7 4.88025E7 
55200.1
3 2.6889313183676425E7 2.70675E7 
4 6.75E7 6.75E7 
5 0.0 0.0 
6 6.75E7 6.75E7 
7 4.864229909168385E7 4.9005E7 
55500.1
3 2.682232059443973E7 2.7E7 
4 6.75E7 6.75E7 
5 0.0 0.0 
6 6.75E7 6.75E7 
7 4.887078677466802E7 4.920749999999999E7 
55800.1
3 2.6729372916447368E7 2.69325E7 
4 6.75E7 6.75E7 
5 0.0 0.0 
6 6.75E7 6.75E7 
7 4.907336512786603E7 4.941E7 
56100.1
3 2.662907452690547E7 2.6865000000000004E7 
4 6.75E7 6.75E7 
5 0.0 0.0 
6 6.75E7 6.75E7 
7 4.941E7 4.9545E7 
56400.1
3 2.6593921784111492E7 2.67975E7 
4 6.75E7 6.75E7 
5 0.0 0.0 
6 6.75E7 6.75E7 
7 4.9333157274082385E7 4.974749999999999E7 
56700.1
3 2.65266313646662E7 2.67975E7 
4 6.75E7 6.75E7 
5 0.0 0.0 
6 6.75E7 6.75E7 
7 4.966719384673477E7 4.995E7 
57000.1
3 2.6551897846778236E7 2.673E7 
4 6.75E7 6.67575E7 
5 0.0 0.0 
6 6.75E7 6.75E7 
7 4.9898070974596776E7 5.01525E7 
57300.1
3 2